0
0
9192440
3297736
1651228
1019455
740279
617704
572560
575698
605727
650727
705671
761951
823152
878037
933128
982464
1025250
1057289
1084294
1099952
1108450
1108366
1098507
1078791
1054834
1021382
982671
940753
894969
846670
795158
743433
689542
636886
584272
533752
484496
437878
394094
353243
314222
278902
246982
218282
191024
166508
145009
126348
109311
94877
81802
69976
60606
52240
44850
38235
33208
28264
24671
21516
18614
16131
14289
12747
11183
10158
9195
8429
7535
6892
6454
5904
5650
5261
4997
4681
4577
4221
4102
3976
3736
3608
3451
3247
3171
3121
2952
2849
2714
2642
2544
2503
2365
2222
2160
2067
1975
1950
1950
1744
1832
1690
1714
1608
1509
1566
1477
1450
1372
1403
1332
1215
1215
1202
1262
1201
1109
1040
1089
979
1022
1082
1013
1000
989
876
886
823
833
782
794
728
802
752
729
715
677
684
654
608
656
584
593
571
542
540
515
489
524
473
488
503
454
493
441
463
453
427
396
427
406
395
393
401
388
378
394
334
351
353
351
340
296
318
295
302
284
297
298
277
298
274
262
267
263
271
264
245
278
251
216
284
223
250
219
224
234
211
195
191
176
214
188
166
192
176
180
173
152
160
170
149
177
140
166
139
141
147
130
142
158
135
141
132
147
135
138
121
108
120
117
122
134
103
108
96
99
118
110
107
101
100
110
109
98
101
100
105
109
95
101
78
89
79
84
103
100
85
88
84
79
71
70
57
85
72
65
66
70
66
83
68
63
71
61
50
62
58
86
59
65
50
62
53
68
59
64
39
68
56
62
58
60
51
57
55
48
53
47
55
44
43
53
39
38
41
42
35
49
39
52
46
38
51
42
43
38
43
54
50
44
38
28
46
49
44
39
36
46
37
39
36
28
25
32
46
42
32
31
33
37
27
31
26
20
33
30
33
35
31
23
24
36
27
24
28
36
38
22
26
41
23
34
28
27
30
28
42
33
33
28
24
23
21
25
28
28
38
25
26
31
32
25
13
19
27
29
26
28
34
23
26
29
24
26
22
20
19
18
16
16
26
23
23
14
25
15
20
24
16
20
24
16
29
16
18
24
19
16
15
16
19
27
17
18
18
12
18
14
20
17
21
23
22
18
16
19
19
19
14
17
20
17
19
16
12
14
14
14
18
26
22
21
14
24
15
16
17
17
20
16
19
23
15
19
12
17
22
14
17
17
23
20
18
10
16
16
15
22
16
12
18
16
14
16
12
12
28
16
18
25
17
9
16
17
10
10
10
15
14
14
11
11
9
18
7
21
15
12
11
18
12
12
13
12
9
13
13
8
14
16
13
15
20
12
7
8
20
14
11
9
11
22
11
8
10
14
14
19
10
16
9
10
16
10
15
13
14
14
16
10
19
19
11
11
14
6
11
12
10
9
13
15
17
11
18
15
9
12
12
10
11
12
8
13
8
12
10
10
14
8
7
15
9
8
9
11
7
19
9
3
15
15
12
10
10
19
11
10
12
16
11
9
12
13
8
10
17
11
13
12
7
10
14
14
12
18
11
11
10
11
12
11
20
5
14
11
14
14
18
15
10
16
14
16
11
12
8
15
16
12
16
11
8
11
10
12
12
7
15
8
19
14
19
13
12
17
14
17
14
10
11
7
17
13
13
8
10
13
14
9
14
6
13
14
17
16
7
10
12
9
11
9
16
14
14
18
14
12
13
19
11
14
14
15
12
17
14
8
11
12
11
12
14
11
13
8
12
11
11
14
13
11
12
13
9
14
7
15
14
14
9
13
12
17
20
15
15
17
11
11
14
12
17
17
15
21
16
13
16
13
14
20
20
13
19
13
16
15
16
19
13
10
16
21
20
16
10
14
13
17
17
16
12
23
19
10
12
18
12
15
11
17
10
20
14
16
13
17
14
13
9
9
11
13
18
12
11
12
14
13
20
17
13
19
15
16
17
16
13
13
16
16
8
20
20
21
15
18
12
12
18
17
18
17
16
13
18
17
16
15
10
9
15
21
14
17
13
16
13
15
16
10
19
17
9
14
18
17
8
11
13
18
12
15
21
9
14
13
18
19
16
19
20
18
15
10
9
17
16
13
14
13
20
17
22
21
20
10
14
14
18
14
9
15
20
18
19
11
22
17
22
13
17
16
18
15
19
14
20
13
10
19
13
21
16
11
15
11
14
17
16
18
15
11
27
16
10
16
13
19
14
30
18
18
23
13
18
16
16
17
19
17
19
19
24
27
26
17
16
15
12
18
24
19
15
18
21
23
8
21
18
13
26
18
16
21
17
23
10
14
13
17
10
19
15
15
20
14
18
30
14
14
15
21
20
20
21
18
19
27
18
8
24
24
19
19
14
12
14
20
22
18
19
13
17
16
15
19
20
24
19
20
21
13
23
12
18
24
